2000

416370817
556191543
1981050269
613794350
1189461212
1668791748
128316852
1503727920
1619607559
1092691737
1666859921
1755529405
971236745
1015550970
145415457
1581404574
886502922
670798795
650869899
1090389969
2124956704
1898238183
941929929
1816923559
1410508242
1740491949
1810458566
1127462145
1241524981
1757758520
1512441113
91108147
253041664
969554245
2036695311
1605634489
234702701
946224295
1431336144
877410602
1439370072
267978169
1532342428
849200773
1228380229
1453036629
910294735
2045292951
1113273232
554351743
327398028
640569273
1442821090
1638846446
1484152121
364812300
1396909923
1559617525
1135485060
1242408952
948957274
1700674960
1887041351
360912584
2120116536
1028785655
1642712434
1719187889
1746316932
1776066315
1007794260
99879854
2023279068
261615085
381941695
93140456
1917986028
174138198
1346448851
1597759258
1914108970
1579077583
539270816
1294357318
424938573
1599478231
749953409
994924123
1159495673
123055470
1619343827
1455944823
2010933267
1519151018
2141244706
1796947064
1084484365
1016515297
2040938266
742860856
1756482016
454486144
104417172
1516028852
1123189469
812990666
1481324909
510685626
1734553575
198723107
1374383926
2036175356
1110875429
925331264
1755233600
613166189
477802481
705578401
1061695418
2108255430
386355239
727632362
1684246202
1832819582
1903901369
1462901118
1650095491
1172131232
200528855
1493712490
675181909
776245858
354019544
1868516023
626962307
1928382981
1626694757
1993597302
1292772574
1953829862
1918938825
452680972
1943775206
623087804
367806680
1118731816
1386175412
605879447
664271303
2052957482
675632657
1121136145
369625925
1734286636
1752645195
1977772440
104288242
1319814700
154464590
1122526418
881882440
1421540648
809365718
1963131532
1343068685
1349009309
1480386839
863746538
1488952305
1064036526
235472361
29798548
48724261
345957353
1116530753
1031593332
1120590729
1444595564
1453543131
1371877972
957865350
1030605083
2143313706
1318650662
2088778832
1999329738
1690315052
1625940790
1262440166
1522737169
1717229103
1137569044
1078692151
788644740
2132351194
1159994280
2051038297
1472613706
1513453650
1899240171
1696743308
1108511410
1263824365
1392526857
727314677
143191412
1556231778
180942444
909614260
178959192
1006896988
2007445343
349030060
1572510500
462262124
644570847
982200106
1387425470
875451806
964040564
653590979
1952300768
596450924
527371915
2082435318
2081042521
243201757
369139836
1523828864
343921196
1764211733
1278325740
326692412
1321745154
467836306
2141433545
310914581
258456773
1694662750
97276451
349457340
963370053
89815459
1604659470
1165386125
505117121
1109762216
2030489777
102098849
735288245
1817433346
531906013
101264949
655589492
1421767239
333675467
2126995583
1866504536
397614932
199675332
636885042
1241195722
25520051
1097035277
1583151103
699945262
1175860546
603780741
496177666
1228075039
408520778
929867839
1334603755
1268296021
496352769
35408854
1800099684
360706038
123109140
1740150447
1507042116
1258927629
439698323
1820655325
1061967717
682446695
1346366529
923698899
265034718
1809655030
1647673320
794233627
1938111154
2122128524
341641531
1272185568
1788029723
1553225122
2133145894
2036897621
731254418
363347754
446808460
2089871375
142749504
1860294483
205710364
456129222
139444404
520310619
379559800
1791075198
433008735
285803010
1127466098
392894593
1897742505
180720997
1760308339
1365868913
601093386
261289144
610073045
1097370289
1904694548
1100689537
1596758739
165877217
2065410018
1600779639
1049623929
803205691
1889303359
1778252845
1755404955
383767560
584136924
1838922452
1608819911
508827364
1422957678
782674487
637580389
1689222268
1278380536
1148291640
1455342312
465883053
381354768
2146075773
836942578
146314581
1170805839
859632068
1340832698
687720748
1357121923
726923053
2054456425
1339761121
1620620933
1478009232
397951457
2050129725
1811360514
1380542135
970611801
1503663669
1643228707
1593194172
1706729387
128550100
320372141
609348329
1669476927
1685419884
1498088947
518147591
1228190240
152868369
507376373
195093534
556962989
1184002391
1669301083
1643068070
1166296159
605796154
1803453217
427382517
1088708019
893257345
1706706187
1983797451
1683466728
1804270109
1363340195
655942323
1929992322
1694831105
1515159030
1899336009
530788226
633066301
1626014039
1179997670
1749149740
1030863662
522625115
1725410184
1195761173
852949455
894128450
1755604329
476434058
478769581
997095798
1802069983
648502465
1536663560
205372761
1264900358
321613999
2107652438
63293827
47843021
2089900162
2141271497
1329522322
640395361
1467651688
1419256111
1098720898
1754255035
1508652441
1397642932
1350955884
1880723095
411402480
1840190808
2023726105
1394702264
1277642335
360940906
337716701
1605422016
632146256
228762979
317468358
2068031802
263175736
987242644
873160054
571348800
1657154355
1086692629
1388189769
671938422
1208970208
180989537
113519832
835253713
133539208
524011086
1144724082
785806107
1669395666
982974993
145516845
996217020
2112256546
615602024
1854093323
480994660
1376647946
1858753959
1555559596
603985658
1722780519
1362191782
1780467855
2104477998
1185485984
1453791554
816349240
1354417422
1699403826
1160872548
896574604
1705223405
1772602389
1135934139
489893330
1083577519
1428066442
694159685
1390686427
1660599025
1123014279
1777282350
1833844280
998957519
1972231483
1708123025
466388
2069526338
2130159016
818552863
848128299
405983285
1993109636
1438668143
1068108853
1723483443
1236082097
1535295540
1414901878
564949388
576782270
1708276431
868950240
1586276839
930329898
1420130842
482557278
883971577
1510728785
834277894
1719905340
1506870625
2043429394
41596146
710159483
110053358
980930679
888175086
873285243
1693741351
143026169
1075322028
428310426
1187883622
1772931267
698977544
240999821
703165152
1083319982
457714851
294480558
1273029660
1614516889
1269752028
1585462598
1569092976
700861889
628621154
1377018611
552963677
1910099774
210314727
1435307697
1420200580
562091788
1805784511
864530015
1093866412
1344545832
1074718995
459507218
552494574
451300605
112677266
1146529637
1523214415
1203479474
635988319
1317283251
1491456283
1443689627
1928090520
272783606
638078640
212572414
953644112
1508294211
9289104
953094298
370434199
226326352
1930944150
424069509
1788657279
823849274
1841132862
916230650
409414300
945400249
71119867
637928497
689909885
432668221
541979769
1718576480
533215663
338369210
572410084
638717689
1008610761
2046655102
1907718942
570080432
1357606196
871795050
1145760954
1139528535
1571181898
2128989177
144398596
1171448075
346506146
154583024
1603001653
385001877
2066997823
405351883
205493084
562342391
1974089916
2067139431
1476767236
971170164
1999866819
33166912
1034898636
1973270745
959018334
214418617
1860725582
362383810
123147706
361241095
14328409
616448471
152178833
542021772
1001311707
994927319
1901446715
1439950615
1592408875
611005218
992077692
927361927
1654302909
1767817080
239949995
1425620995
1083956252
1896519073
1746195690
880291397
940113101
757296600
2050836223
28007979
1568196407
1885303510
1750569601
1501313939
689646778
2020451384
947351992
318510767
1364101923
178157171
986030117
960781783
2063792007
1088290388
941308954
558241052
1422237973
1784912479
2118960938
1592902552
1685644489
319354792
1074862111
1532288044
68239481
661774871
329311912
190649993
1835467966
348771421
583895988
1202628828
596033002
977841398
51872982
92022733
965442678
1883439015
1607451539
912929051
1629667869
1481481095
1320422243
1114359260
354637943
110725797
655427159
138517274
1274811885
927422578
90010760
35763296
100534012
1442879006
1394581550
1686836041
1573310120
554498711
1281392721
1818304633
280709362
1803743583
569625446
1819108673
466914467
130736466
1673607031
988382516
1556820120
1363804659
1444394227
1040930334
1478546765
1238942064
949832038
2140109895
513015552
143356534
1796169876
1777180358
716119736
1568633791
1585090342
1774663720
24050339
1291929885
706813705
1264786574
727408687
1389006032
862524945
2060463748
1330814191
254534496
1910570779
1363785477
456785413
1088990662
1353448508
1496607806
1048076654
1057522373
386690785
1523647486
1741645100
1756908053
115255647
1573274904
1315657523
1199820469
689157423
1804724806
1045778152
1201587165
1053082303
290018234
975148126
2127494091
1212080463
2117607061
764507139
44383778
1547072948
271746996
1281403939
292833250
453033866
1698323178
1242076137
1221209573
1153488102
369953182
1870358535
2130903011
1163560436
1001381136
154729542
94148716
1210408028
320615848
987131880
1045462528
135869119
22039145
781040194
925500019
1223526385
1775811356
2126377082
1925058700
932858004
323226589
649206932
237809571
824832934
1279386851
1313439353
594498357
627993789
690982295
688847229
535257758
1751565
1064013018
1802997743
1322541853
1132996851
1989610592
2079995952
1205838980
1701543601
1119770399
120022865
670221611
949780890
1657344140
1390622316
400965589
1142167295
1629338694
1228517007
1941650941
1653797219
1030437258
1440696849
390377273
231620634
589886057
640305472
500572923
1437075281
1393275082
2036693772
1658113951
1314811838
928661581
990443142
1549711540
1621203078
950783684
1224078506
582426140
1430026943
733275119
1891869425
1980272611
821376342
944297940
1614574249
766454557
1964149582
1362697364
1662068278
2104675372
274289602
1796564078
616909052
870483937
428596205
708963170
105071507
448026270
886063154
1502755662
1226411850
912983272
743254958
1533226684
419146489
960832686
97133901
1019249965
1610113486
1171671475
2013456579
1584642848
1140797984
1057997967
2902476
2051021294
1725592784
130922772
1208395065
1915660220
1012777073
1748167969
1772291721
1373663147
1224842746
1147288997
762616839
2097832574
900132148
2133013597
1777086194
511647503
550465284
822406890
957124766
1901089896
819143478
1023339681
1395751728
2144602470
596724135
902693886
147994635
687999518
111001760
700695467
1491538303
1569595939
896998242
1934118465
2013537863
1743978504
1795372297
121252696
413533070
750390230
301093608
2048162436
334165745
1945601839
1692387520
917319391
1234384977
405659699
1463307847
1467375882
136560683
442803497
1868738704
523497559
329357250
1141558244
187961171
325254915
1656643704
1935678345
1453311312
1678457595
1299105971
768459188
945922332
1504216540
38052330
1457931818
1758038230
584946762
802299727
1728788969
1915793644
1331733786
529601021
138506050
21644452
874022406
246992732
1982330219
1823932139
1417861495
1679197351
1793375281
324412627
81562968
1750266771
963015967
1915771275
1602692811
2092164743
1387925810
1089151687
1763682698
15331881
677916457
925329943
1756827677
819536542
713641773
15078760
1063771322
920532914
1712017311
926032353
1487878045
1942553751
529838024
1244025570
1086153666
1867797425
30944932
1152941481
1609151473
283377368
100341593
626526839
628893248
1567003074
1641152720
1851606120
2072346969
1471730231
1137021114
1782327261
693927552
19567051
723295763
52883720
873327052
675126938
633920641
1190255665
544003402
1400757290
127223613
610991693
1260461919
1640414061
554397036
1958997263
1722374194
1563192836
1355394039
665100970
1066531449
1913456016
2022072643
766784099
259822160
1549853550
1597237566
2079829643
1769271458
304112896
34915798
465632936
1843926075
774280946
1278136167
365705510
1889948318
110797533
1358716401
1987626414
276636967
986277547
72866306
1525299668
2054969042
204449705
339290472
1871388817
1711822990
1785178924
187733028
689684163
705605973
1296561489
1987695980
1031655773
772121921
1790762771
1133605012
236236744
203905164
522242313
128426017
626714127
1938299983
19253565
466836189
779611734
200883230
1456916016
895059679
1352654251
219143191
1164129039
615289776
344970192
826248906
1714844972
1844689004
1618601446
1110119579
2094450345
1588677605
709494702
1586225069
122130896
1862429557
1335165674
1684706326
782497352
454735732
1023110013
769696308
378328057
1426297632
247629467
1417486655
1497584287
474226938
858114061
496148692
1739925664
1187586469
719007041
1743833097
317786530
1859706625
862580891
1008983142
363759256
1338192798
274039622
434235787
365963691
2118695164
1533302471
943879409
1407575046
1355513224
2057890200
322438666
1020912309
1554290984
538566731
515161929
528341593
415060104
462317557
57632464
1254604905
1934200148
625011342
1559223125
282417161
239833674
355374535
1182512219
443936300
491377709
1412624535
2008703942
942514153
1578991036
313925247
93072121
1544106564
175471027
2106994562
150968690
625150411
1990778366
1147382276
410723069
112379306
1897258240
1111842470
667690995
284772526
2101616547
1124523503
1858818349
1848539530
923976051
1460072433
1775120226
1133069462
403137341
779979921
731519234
1128756586
95523487
1050431588
243563761
1843856123
1657911556
892210732
38857556
1400097864
666470605
873834461
141200878
1376555216
2102079977
1231022710
219787909
1002923170
1767476301
1623667028
702528392
411591644
142158913
846316188
1294344047
1238125774
409729784
505239404
1773976182
185361559
325291474
1551207677
47477795
432283400
1254756569
667058438
169948604
1401930369
268631075
115860078
548556478
230738775
143010197
1212902495
746101370
155412096
1314673264
1392400525
936192044
1893006645
1124082308
2007012226
1040905653
529737291
339403807
1761239507
999608786
735557505
517741986
1189035968
1160373260
723490338
2076492856
1012859104
177872361
2086446985
614168361
1603853327
1330981262
685623988
1272343390
439689041
91369546
1461586675
651968901
1904342147
382660121
414418133
995384517
1764117368
2076374743
1049267204
1286668836
1554023720
1920962127
635074300
1375142354
1140342468
1894644309
2045350949
1857650750
1267365859
848059538
316313704
252641572
359591457
773089921
746022427
814200270
1794137898
1036713153
1337971796
2044809439
1702311689
625056905
2033220426
1356337126
303092018
2071154642
754140449
193146901
978509146
277305479
1440927013
3154342
2108846379
1838359728
1404162260
504381118
1132541519
1154763656
395674623
268774948
659425527
1214074179
1818230533
873662820
1533408601
195120338
177930355
370546769
767039583
1920973871
1754523589
1069521607
1697140911
1590853532
639699436
254253120
967990657
359741291
48200905
588178073
1498946540
1616685712
350793235
248633778
2081032680
532863029
371262031
352601487
653834430
72252889
1298065426
581754752
1929157899
1614750804
1673362728
1414513573
532701994
1214056851
1675641052
1107049634
119685153
501689390
1334997780
393487584
1795483817
294076017
2053398437
1605182582
847113528
1847062517
2027810467
855334187
1111349693
1540207393
1695753493
138021471
327345547
2093632949
796220766
1259981277
460785032
2022794718
1189952877
2091893801
1235277133
383373764
724061163
911837514
1314208909
1433916414
1574365137
734123543
1150791718
214471267
561656337
2132469493
387415475
2024432835
1270997383
1453655371
1777484215
1983879334
66678867
1806388417
974973017
1784843623
1247129850
1286550512
330220236
1176430709
185944300
745297739
329145599
1690644523
1731116393
1938766197
1202206771
32469846
2105752393
458848707
1830586570
178544168
653347670
365241679
1425433872
773432389
1711269925
1038424359
1849648747
1831948807
424329884
845813016
203672778
850268398
40364624
1505156642
816242044
857436943
1119426635
515265396
167857937
1334149159
240695098
1641114214
1305563720
1659100986
1385405153
1942156909
1383781657
809706996
244687306
943106507
778439955
254371679
64982171
1698518154
2032668942
1849855052
1155735299
1751535690
1274824655
1155271411
1243537626
358156396
532549969
1908364728
2095769477
1373871612
304754033
227375731
405378287
402140386
382351191
971853240
1514484443
222325116
1935075401
1024882036
1947416229
155688002
568300318
11002145
1973159675
1071935327
1765562460
2102739662
799684343
812726713
1177217746
1502331770
1631048840
1863162741
865443886
241199561
1554125454
233943100
128387848
1822307944
517441835
1260106636
579067673
1720081373
239652944
833110718
799657715
1720269985
281735746
474075650
2122792541
1044446208
870224419
1992895204
1856351731
607076772
1636002625
784292753
2121531273
2139424822
1423300210
1363103828
768721666
11525628
937672636
208252336
2112553692
131354939
1696819434
47915780
1423596704
873955286
32624880
847149676
1549920500
2044749632
1619501938
105049834
810810197
750202275
1305465933
238659961
1006068895
99773148
563877408
302707664
1918365504
478001067
591499159
1639631634
1710744646
1455661184
1913771895
1561709626
549321421
1336097832
35307046
558545095
1855427039
1319998048
142442669
1421122464
381186757
1745125861
1865319930
2027548341
1026768313
1075582199
1106743488
1977553032
1483743056
1202814224
1214935103
130624257
1185543131
298405773
1270669863
469301765
937102215
1819529826
345608564
164107726
1734337423
3905943
1064401093
1228613192
144645652
512467907
1816072467
821005672
278574489
1665690686
190772732
671917034
925152109
715427346
675952787
61696374
81172619
1429541543
2080597823
1122128468
1110834056
1338226896
1915843074
702506507
1132016705
197453850
2127094479
46954090
80373191
1900700178
1520954340
876549498
1031595529
581853731
1334198338
1962776596
1946625772
1231858959
1359733936
1431475404
555359941
1606164950
239701766
1741083004
2002076126
1528176164
924341252
519244646
245502587
1221090576
1915409350
2082583598
1868953583
1478277729
568337167
693001085
1946677729
1898106846
1843589107
1996170878
747724923
317930999
1115935314
1663091174
865723196
113299073
6638696
1263729005
372558828
1703945196
1122349689
1744844040
428667522
1310846685
1629809121
300805271
1151861735
1298569332
1597045997
1808418557
305476792
26861044
891886337
600552828
1397297567
1365023549
384682224
1886900631
489224460
913256473
1158139338
1420770512
609535749
1135566146
586070147
377427643
1129752604
795846911
683638304
1779619255
1871157325
1995700911
1105079793
709196354
868224209
1059372416
881003700
1412229042
27755118
1802473343
723141278
680250483
500654263
2118432839
670099729
1173560557
1170630837
1841859043
290321348
668008359
1589148040
28864272
125226821
1111373271
1526684995
1393100241
221696336
244757053
1501005401
468940031
1745904457
1579991798
992982450
732535905
666882148
1663805864
1940437602
2082611686
263590374
1613574840
1298218443
2068516929
832178027
745954380
377325192
990988614
1171645987
940162411
512232840
475213712
833948896
1185634242
527241990
1649684179
58293928
2067008678
616332542
1273884827
881112555
1036417057
1382201729
1285026141
1281022553
802271771
94299731
1245425304
2088923500
68847479
2101644457
1294571481
1996155956
1605142888
388290665
643697550
2088309763
1861695974
1189756855
1681077395
1320413232
523370327
1476189731
1589023658
1102508949
1476259864
1905506399
545653111
1978248011
169678601
484665106
378918216
603842969
857479084
250884039
67130734
1423916616
319361255
1483276375
2144043128
843574934
200290582
1786030069
283066775
551403710
1009411640
1225934763
43258182
2119040130
1594628178
1053473955
1983075590
271192767
146626954
227965579
1536417532
1948132911
1814197448
1417063170
1770877008
1638455533
1169076210
415716695
2041437456
1223303865
323153244
164784991
1788253737
1130964986
1104045335
2043593821
1266168421
963757549
619078280
256606110
1422985004
808784908
1675053356
1830958994
436055842
1475729135
740205492
73885200
1243703998
27505025
1098297932
45513380
2103622
600369760
528367688
216205011
1943609605
1882347741
971968281
397062315
438962267
1605180512
1504041678
223196705
734830527
1658502098
1166571105
635463411
749553301
36456876
548997304
1598762892
598287458
816730053
600156504
1608642421
558679412
567612873
850476144
1862494604
637310567
1101859245
724502283
443340852
1568973155
389464557
1724104657
1726193771
869595287
1718028585
732093979
118091875
762495364
906662359
1354345198
743169950
1607108093
836161215
1144059415
914346940
1150936977
1479137225
807599799
1417656937
489169913
1582702656
2041514244
1792865688
2001977650
301818640
795539503
1350386944
1692170609
1268050
1883080917
512974652
351342459
173426591
2053785393
800898918
2053501535
2014066171
455003731
797348358
1380830109
904037948
2087625610
715863217
791986716
1013577452
262969762
230121927
2140165138
2037013821
781987968
1704349245
1025801894
1825057488
650389329
666598778
1824469395
482816332
1453286740
1080110530
891908327
1240368282
839908659
1964541862
1069316002
306631549
1995171713
1687467756
656639955
671055896
958040668
1037244303
91734283
1814277531
812908693
1775556408
1020689410
1349708962
1628148236
1244171434
1446668313
289164914
555284808
841303515
858386696
960165866
158369858
1915313174
2117979382
2094196361
1991936911
1358991661
1392883081
141456848
976110485
2030625143
598330752
946018419
1021618022
1690858659
2102058121
1841620108
225715177
1487983316
1713161408
625546995
967238507
1297613157
965305693
1039370367
298153633
2050813649
626301739
316356401
1368689975
449345588
687051643
1903224764
384007007
1732239494
1190146662
466473700
159781355
719104871
542209509
630830796
644757375
1291117495
588270063
1513430475
707888198
1337680875
509143347
1484779556
1433161822
486050869
1208357014
286408608
256992289
328667738
1778241740
1350975252
