0

1111 0011 
0101 1111 
0111 0110 
0110 1001 
1110 0001 
0001 0100 
1101 1110 
0000 1011 
1010 1101 
0100 1000 
1011 1010 
1001 1100 
0011 0010 
0010 0101 
1100 0000 
1000 0111 

1

0010 1101 
0101 0001 
1101 1100 
1111 1111 
0100 1010 
1110 1001 
0110 0111 
1010 0011 
0001 0110 
0000 0101 
1000 1110 
1011 0010 
1001 1000 
1100 1011 
0011 0100 
0111 0000 

2

1100 1111 
1000 0011 
0100 0111 
0000 0010 
1010 1000 
1101 0101 
0110 0000 
0001 0110 
0101 0100 
1011 1100 
1110 1010 
0111 1110 
0011 0001 
1111 1101 
1001 1001 
0010 1011 

3

1011 0111 
1010 0011 
0101 0110 
1111 1000 
1101 0101 
1001 0100 
0100 1011 
0001 0001 
1100 1101 
1000 1100 
0110 1110 
0010 0010 
0011 1010 
0000 0000 
0111 1111 
1110 1001 

4

0111 0011 
0010 1100 
0011 1001 
0001 0010 
1011 1110 
1000 1111 
1010 1000 
0110 0100 
1001 1010 
1101 1011 
1111 0111 
1100 0001 
0100 0000 
0000 0110 
0101 0101 
1110 1101 

5

1001 1011 
0010 1110 
1100 1001 
1011 0000 
0111 0100 
0000 0001 
0011 1010 
0101 0011 
1010 1101 
1000 0110 
1110 1111 
0001 0111 
1101 1100 
1111 1000 
0100 0101 
0110 0010 

6

1010 1010 
0101 0100 
1011 1101 
1110 1100 
1101 0001 
0011 1111 
0001 0101 
1001 0111 
1000 0110 
0110 0010 
0010 1000 
0000 1011 
1111 1001 
0100 1110 
0111 0000 
1100 0011 

7

1100 0101 
0010 0100 
1011 1101 
0001 0010 
1110 1111 
1001 0111 
1010 0001 
0100 1010 
1111 1011 
0011 1110 
1101 1001 
0111 0011 
0110 0000 
1000 0110 
0000 1100 
0101 1000 

8

0111 1000 
0010 0010 
1100 1001 
1111 0011 
0100 0111 
1000 1111 
1011 1011 
0101 1100 
1010 0100 
1110 0110 
0001 0000 
0011 1010 
1101 0101 
0110 0001 
1001 1110 
0000 1101 

9

0111 1000 
0010 1111 
0001 1010 
1011 1101 
1100 0101 
0110 0100 
0011 1011 
0100 0011 
1101 0001 
1111 0110 
1110 0010 
1000 0111 
1010 1110 
1001 1100 
0101 0000 
0000 1001 

10

1110 0100 
1011 0010 
1001 0001 
0100 1100 
0111 1001 
0101 0011 
0010 0111 
1100 1010 
0110 1111 
1010 0101 
1000 0110 
1111 1110 
0000 1101 
0001 1000 
1101 0000 
0011 1011 

11

0010 1011 
1001 0001 
1000 1001 
1101 0111 
1011 1100 
1110 0011 
0011 1010 
1010 1101 
0111 0000 
1111 1110 
0001 0010 
1100 0100 
0100 1000 
0101 1111 
0110 0101 
0000 0110 

12

0101 1011 
1000 1110 
0011 1100 
1011 1001 
1001 1101 
0100 1010 
0111 1111 
1101 0010 
1100 0100 
1110 0111 
1010 0110 
1111 0001 
0110 1000 
0000 0011 
0010 0101 
0001 0000 

13

0010 0100 
0100 0000 
0001 0001 
1011 1100 
0111 0010 
0011 1011 
0000 1101 
1100 0111 
1111 1000 
1110 0011 
1000 1010 
1001 1001 
0110 0101 
1101 0110 
0101 1111 
1010 1110 

14

1100 0001 
1000 0010 
1011 1011 
0110 0110 
0010 0000 
0100 0101 
1001 1101 
1111 1001 
0011 0111 
0000 1110 
1101 1100 
0101 0011 
1010 0100 
1110 1010 
0111 1000 
0001 1111 

15

0001 1000 
0110 0000 
1100 1101 
1010 0010 
1000 0011 
0010 1100 
0000 0001 
1001 1001 
0111 1010 
0011 0101 
1111 0110 
0101 0100 
0100 1111 
1011 0111 
1110 1110 
1101 1011 

16

1011 1011 
1101 0010 
0000 0110 
1000 0000 
0011 1101 
0001 1000 
0111 1111 
1110 0111 
1111 1110 
1010 1010 
0110 0100 
0100 0011 
1001 0101 
0101 1100 
0010 0001 
1100 1001 

17

1011 0011 
0110 0110 
0000 1110 
0010 1010 
0101 1101 
1111 0111 
0100 0001 
1000 1000 
1010 0000 
1101 1111 
0011 0010 
0111 0101 
1100 1100 
0001 1011 
1001 0100 
1110 1001 

18

1000 1001 
1101 0101 
1011 0100 
0010 0000 
1001 1010 
0001 1111 
1111 1011 
1110 0001 
1100 0110 
0110 1100 
0111 0010 
0011 0011 
0000 1000 
1010 1101 
0101 1110 
0100 0111 

19

1010 0100 
1101 1001 
1110 0000 
0111 1000 
0001 1100 
1000 0001 
0100 1010 
1100 1101 
0110 1110 
0000 0111 
1111 1111 
0011 0110 
1001 0101 
0010 0010 
1011 0011 
0101 1011 

20

1110 0110 
0111 1001 
0001 0011 
1011 1000 
1000 0100 
1010 1010 
0000 1111 
0100 0010 
0010 1100 
1111 0000 
1100 0001 
0110 1101 
1101 0101 
1001 1110 
0011 0111 
0101 1011 

21

1111 0000 
1011 1011 
0111 0100 
0100 1101 
1010 1010 
0010 0110 
1100 0010 
0001 0011 
1000 0001 
0110 1000 
1110 0111 
1101 1111 
1001 0101 
0000 1100 
0101 1001 
0011 1110 

22

0000 1001 
1011 0010 
1010 0110 
0001 1111 
0100 1010 
1100 1101 
0111 0000 
1101 1011 
1001 1100 
1110 0100 
1000 1110 
1111 0111 
0010 0101 
0110 0011 
0101 0001 
0011 1000 

23

0101 0011 
0011 1100 
1100 0100 
1110 1001 
1010 0110 
0111 1011 
1000 1010 
1011 0101 
1101 1101 
0110 1111 
0100 0001 
0000 0000 
0010 1000 
1001 0111 
1111 1110 
0001 0010 

24

0101 1000 
0110 0100 
1000 0111 
1001 1100 
0111 1101 
1011 0000 
0000 1001 
1100 1011 
0001 0101 
0010 0110 
1010 1110 
0100 0011 
1101 0001 
1111 1111 
0011 1010 
1110 0010 

25

0110 1011 
1101 0011 
1001 0010 
0101 0101 
0111 0111 
0001 1110 
0000 0001 
1011 1100 
0100 1101 
1110 1010 
1111 0100 
1000 1111 
1010 0110 
0010 1001 
0011 0000 
1100 1000 

26

0100 1001 
0000 0011 
1000 0001 
0111 1110 
0001 1111 
1010 0100 
1101 1011 
0010 1010 
0110 1000 
0101 1101 
0011 0110 
1100 0101 
1001 1100 
1111 0000 
1011 0010 
1110 0111 

27

0011 0100 
1100 1010 
1110 0101 
1111 0011 
0001 1001 
1000 0010 
0100 1100 
0111 1110 
1001 0000 
0000 0110 
0010 1000 
0101 1011 
1010 0111 
1011 0001 
0110 1111 
1101 1101 

28

0000 0100 
0111 0001 
1011 1110 
1010 0011 
1111 1010 
0110 1001 
1101 1101 
0001 1100 
0100 0010 
0010 1000 
0011 0110 
1100 1111 
1110 0000 
1001 0101 
0101 1011 
1000 0111 

29

0111 0101 
0010 0001 
0101 0100 
1011 0010 
0001 0110 
1101 1111 
0110 1011 
1001 1110 
1100 1000 
0100 1100 
1010 1010 
1111 0111 
1000 1101 
0011 0000 
1110 1001 
0000 0011 

30

0000 1100 
0111 0010 
1101 1111 
1001 0100 
0010 0000 
1111 1001 
1100 0001 
1110 0111 
1000 1110 
0101 0101 
1010 0110 
0100 0011 
0001 1010 
0011 1011 
0110 1101 
1011 1000 

31

1010 1000 
0001 0000 
1011 0111 
0100 1001 
1001 1011 
1101 1101 
0101 0110 
1000 0011 
0110 1100 
0111 1111 
0000 0101 
0011 0010 
0010 1110 
1110 0100 
1111 1010 
1100 0001 

32

1111 0011 
1000 1010 
1100 0111 
0101 0001 
1010 1101 
0011 1100 
0111 0101 
1110 1111 
0000 1001 
1001 0100 
0110 0010 
0001 0110 
0010 1110 
0100 1011 
1101 1000 
1011 0000 

33

0011 1110 
0111 0010 
1110 1001 
1001 0101 
1111 1111 
1000 1010 
0100 0110 
1100 0100 
0000 0111 
0101 0001 
1101 0011 
0001 1100 
1011 1011 
1010 1000 
0110 1101 
0010 0000 

34

0001 0011 
0111 0100 
0101 0101 
0010 1010 
1001 1110 
1010 0000 
1111 0110 
1110 1000 
0000 1101 
1000 0111 
0110 1001 
1011 1011 
0011 0010 
0100 1100 
1101 1111 
1100 0001 

35

1110 0010 
1000 1010 
0000 0000 
1100 0100 
0011 1111 
0101 0111 
0110 0110 
0010 0101 
0111 1101 
0100 1000 
1011 1001 
1010 1100 
1111 1110 
0001 0001 
1101 1011 
1001 0011 

36

0010 1011 
1001 0100 
0101 0000 
1110 1010 
0000 1111 
0100 0111 
1111 1100 
0011 1000 
1011 1101 
0111 1001 
0001 0001 
0110 0110 
1000 0010 
1010 0101 
1100 1110 
1101 0011 

37

0011 1111 
1100 1000 
1101 0010 
0001 0101 
1001 0111 
0110 0001 
0100 1100 
1111 0000 
0111 1101 
1011 1110 
0101 0100 
1000 1011 
0000 0011 
0010 0110 
1110 1001 
1010 1010 

38

0000 1111 
1000 0111 
1110 0001 
1111 1110 
0100 0100 
0001 1010 
1011 1101 
0110 0000 
0101 1000 
1010 1001 
0011 0101 
0010 0110 
1100 1100 
1001 0010 
0111 1011 
1101 0011 

39

0000 1111 
1101 1001 
1010 1100 
0001 1101 
1001 0010 
0101 0001 
1011 0110 
0100 0100 
1110 0000 
0010 1000 
1100 1011 
0111 0101 
1000 0011 
0011 1010 
1111 0111 
0110 1110 

40

1111 1111 
0000 0100 
1101 0011 
0011 0110 
0110 1100 
1001 1010 
1010 0010 
1011 0111 
0111 0001 
0010 0101 
0001 1000 
1100 1001 
0101 1101 
1000 0000 
1110 1011 
0100 1110 

41

1110 1001 
1000 1010 
1101 0111 
0001 0100 
1111 0000 
0110 0001 
0000 1011 
0011 0101 
0100 0010 
0101 1111 
1001 1110 
1010 1101 
0010 1000 
0111 0110 
1011 0011 
1100 1100 

42

1010 1010 
1001 1011 
1011 1100 
0110 0111 
0010 1101 
0100 1000 
0111 1110 
0101 1111 
1111 0000 
0011 0100 
0000 0001 
1000 0101 
1101 1001 
1110 0011 
1100 0110 
0001 0010 

43

1001 0110 
0001 1010 
1101 0101 
0101 1101 
1110 1100 
1011 1011 
1111 0000 
0110 0010 
1100 1110 
0100 0100 
0111 1111 
1010 1000 
0011 0001 
0010 0011 
1000 0111 
0000 1001 

44

1100 1100 
0010 1110 
1110 0010 
1111 1010 
1001 0001 
1000 1111 
0111 0111 
0011 1001 
1010 0101 
1011 1000 
0110 0011 
1101 0000 
0001 0110 
0000 1011 
0101 1101 
0100 0100 

45

0101 1011 
1110 0001 
0011 0101 
0110 0110 
1100 1000 
0001 0011 
1000 0000 
0000 1110 
0100 1010 
1101 1100 
1010 1001 
1001 0010 
1111 1101 
0111 0100 
0010 0111 
1011 1111 

46

1110 1011 
0111 1000 
0011 0000 
0000 0100 
0010 1101 
1001 1111 
1000 1100 
1101 0011 
0110 1010 
0001 0010 
1010 1001 
1111 0001 
0100 0110 
1011 0101 
1100 1110 
0101 0111 

47

0010 0011 
0000 1111 
1001 1010 
0101 0100 
1010 1000 
1100 0010 
1111 1100 
1110 0110 
0111 1101 
0110 0101 
1000 0000 
0011 0001 
0001 1011 
0100 1001 
1101 0111 
1011 1110 

48

0000 0100 
1010 0010 
0100 1000 
0001 0001 
0111 0011 
1000 1110 
1011 1011 
1110 0111 
0110 1111 
0101 0000 
0010 1001 
1100 1010 
1101 1100 
0011 1101 
1001 0101 
1111 0110 

49

0111 0111 
1000 0000 
0010 0110 
1010 1111 
0011 0001 
0110 1101 
1111 0100 
1110 1010 
0000 1110 
1101 0010 
1011 1001 
1100 0011 
1001 1011 
0001 0101 
0100 1100 
0101 1000 

50

1001 1101 
1100 0011 
0101 0101 
1000 1011 
0110 1000 
1111 0000 
1101 1100 
1011 0010 
0111 0001 
0001 1001 
1110 1010 
0011 1111 
1010 1110 
0000 0100 
0100 0110 
0010 0111 

51

1001 1001 
1011 0111 
0000 0100 
1010 1101 
0100 1010 
0101 0101 
0011 1111 
1000 1110 
1100 0011 
0111 0000 
0010 0001 
1110 0010 
0001 1100 
0110 1011 
1101 1000 
1111 0110 

52

0110 1000 
0111 0001 
1111 0000 
1011 1110 
0010 1100 
0001 1010 
1100 1011 
1000 0011 
1010 0010 
1101 1101 
0101 0111 
1110 1001 
0011 1111 
0000 0110 
0100 0100 
1001 0101 

53

1110 1110 
0011 0111 
0000 0100 
1001 0101 
0101 1010 
1100 1011 
1010 1100 
1111 0011 
0111 0110 
1000 0001 
0001 1001 
1011 1000 
0110 1111 
0100 0000 
0010 1101 
1101 0010 

54

1110 1101 
0000 1011 
0011 1001 
1101 0000 
0111 0111 
1000 1010 
1111 0011 
1100 0001 
1011 0110 
0110 1000 
0010 0101 
1010 1100 
0001 1110 
0100 1111 
1001 0100 
0101 0010 

55

0111 1000 
0101 1101 
0100 0011 
1011 0000 
1111 1110 
1101 0111 
1010 0100 
0011 0010 
0110 0001 
0010 1100 
1000 1111 
1001 1010 
0001 1011 
1100 1001 
0000 0101 
1110 0110 

56

0110 0100 
1101 1101 
0011 0000 
0010 1001 
0000 0001 
1111 0110 
0001 1011 
1000 0111 
0111 0011 
1001 1100 
1100 1000 
1110 0010 
1011 1010 
0101 1110 
1010 0101 
0100 1111 

57

0011 1001 
1110 0000 
1111 0100 
0110 1111 
1011 1000 
1101 1100 
1010 0011 
0000 1011 
0010 1110 
1000 0110 
1001 0101 
0111 0010 
0100 0111 
0101 0001 
0001 1010 
1100 1101 

58

1111 1101 
1011 0100 
0011 0011 
1001 1010 
0101 0001 
1010 1100 
1100 1001 
0010 0101 
0110 1110 
0000 1011 
1110 0000 
1000 1111 
1101 1000 
0001 0111 
0100 0010 
0111 0110 

59

0111 1001 
0011 0000 
0010 1111 
1010 1000 
0101 0001 
0110 0111 
1110 0010 
0001 1110 
1000 0110 
1011 0011 
1111 0101 
1101 1011 
1001 1100 
0000 0100 
1100 1010 
0100 1101 

60

0011 1011 
1010 0110 
1000 1000 
0010 0100 
1001 0011 
0000 0000 
0100 0101 
1110 0010 
0110 1100 
1101 1111 
1100 0111 
0111 1010 
1011 1101 
1111 1110 
0001 0001 
0101 1001 

61

1000 1110 
0111 0110 
0100 0000 
1001 1000 
0000 0010 
0110 1011 
0001 1001 
1010 1010 
0101 0101 
1111 1111 
0010 0111 
1011 0100 
1101 0001 
0011 0011 
1100 1101 
1110 1100 

62

1111 0010 
0110 1101 
0010 0110 
0101 0000 
0001 1111 
1011 0011 
0000 1000 
1010 1100 
1110 0001 
0100 1001 
0011 1110 
1100 0100 
0111 1011 
1101 0101 
1001 1010 
1000 0111 

63

1010 0101 
1011 1001 
1100 0100 
0001 1101 
0010 0110 
0101 1110 
0100 0111 
0000 1100 
0011 1011 
1000 0010 
1110 0000 
0110 1000 
1001 0001 
0111 1010 
1111 1111 
1101 0011 

64

1111 1101 
1110 0100 
1101 0000 
1100 0011 
1011 0110 
0101 1000 
1001 1001 
0001 1111 
0011 0010 
0100 0101 
1010 1011 
1000 0111 
0111 0001 
0110 1010 
0000 1100 
0010 1110 

65

0100 0111 
1001 0001 
0111 1000 
1101 1110 
0010 0010 
0101 1010 
1110 0011 
0011 0110 
1010 1011 
1111 1101 
0000 1001 
1100 0101 
0001 0100 
1011 1111 
0110 0000 
1000 1100 

66

0010 0011 
1010 0001 
1111 0100 
0001 1110 
0111 1001 
0000 1101 
1001 0111 
0101 0110 
1110 0010 
0011 1100 
1100 1010 
1101 1111 
0100 1000 
1000 1011 
1011 0101 
0110 0000 

67

0000 0010 
1110 0011 
0001 0000 
1101 0100 
1000 1001 
1111 1011 
1010 1110 
0100 0001 
1011 1101 
0111 1010 
0110 1111 
0010 0101 
1001 0111 
0101 1000 
0011 1100 
1100 0110 

68

1001 0000 
0001 1111 
0111 1000 
1100 1110 
1110 0011 
0110 1011 
0000 1010 
0010 1100 
0101 0101 
1111 1001 
0100 0110 
1011 0001 
0011 0010 
1101 0111 
1010 0100 
1000 1101 

69

1010 0110 
0011 0000 
1101 0010 
0001 0111 
0111 1000 
1100 1110 
0100 1111 
1110 0101 
0010 0001 
1011 1011 
0110 1010 
0000 0100 
1000 1001 
0101 0011 
1001 1100 
1111 1101 

70

1000 1001 
0111 1101 
0011 1110 
1111 1100 
0001 1011 
1110 1111 
1100 0110 
1010 0001 
0110 1000 
0100 0011 
1001 0000 
0010 0100 
0000 1010 
0101 0111 
1011 0010 
1101 0101 

71

1100 1001 
1010 1000 
0100 1100 
0110 1110 
1110 1010 
0000 0000 
0111 1111 
1001 1101 
1111 0001 
0011 0110 
0101 0010 
1101 0111 
0001 1011 
1000 0101 
1011 0100 
0010 0011 

72

0011 0010 
1011 0001 
1111 0000 
0100 0011 
0110 0101 
1000 1011 
0111 1010 
1110 0111 
0010 1110 
1010 1001 
0001 0100 
0101 1111 
0000 1100 
1101 1000 
1001 0110 
1100 1101 

73

1000 0101 
0001 1110 
0110 1100 
1001 0111 
1101 0000 
0100 0011 
1010 1011 
1011 0100 
1111 0010 
0000 1111 
0111 1101 
1110 0110 
0101 1010 
0011 1000 
0010 1001 
1100 0001 

74

0110 1101 
1011 1110 
1101 1011 
0001 0101 
0011 0111 
1001 0001 
1100 0100 
0101 1100 
1000 0011 
1010 1010 
0000 1001 
1111 1000 
1110 1111 
0100 0000 
0010 0110 
0111 0010 

75

0101 1001 
0110 1000 
0010 0011 
1100 0100 
0111 1101 
1101 0110 
1000 0010 
0011 0101 
1001 1111 
1111 1010 
1110 1110 
0001 0000 
0000 0111 
1010 1100 
1011 1011 
0100 0001 

76

0010 0111 
0110 1110 
1111 1010 
1110 1100 
1000 0011 
0011 1111 
1010 0001 
0001 0010 
1100 0100 
1011 1000 
0101 0101 
0000 1011 
1001 1001 
0100 0110 
0111 1101 
1101 0000 

77

0001 1111 
1100 0011 
0110 0110 
1111 1001 
1101 1101 
0000 0000 
1110 0111 
0010 0010 
0100 1100 
1011 0001 
0111 0101 
1010 1110 
0101 1010 
1000 1011 
0011 0100 
1001 1000 

78

1010 1001 
1110 1010 
0001 1111 
0000 0001 
0100 0101 
1011 0010 
0110 0100 
1000 0110 
1111 0000 
1100 1000 
0111 1011 
1101 1101 
0101 0011 
1001 0111 
0010 1100 
0011 1110 

79

0000 0001 
1000 1010 
0010 0011 
0001 1001 
1101 0111 
1110 0110 
1001 0101 
1100 1000 
0111 0100 
1111 0000 
0100 1111 
1010 1101 
0110 0010 
1011 1100 
0101 1011 
0011 1110 

