2000

140344
456640
577702
175602
24605
1030675
322338
907642
546742
151296
708442
467396
972426
786571
987297
179732
572057
61212
465576
869223
766830
859457
126734
27962
431622
878350
240854
16455
442938
217036
506150
105567
287070
1022324
62621
913715
260602
209394
423204
981468
552463
323396
701536
552477
882812
536183
47592
692676
950843
879746
408955
168102
559532
437590
359002
833707
1031362
1021213
736820
1001349
83731
753347
118046
59089
336733
780851
952579
936826
123775
497092
529635
1042988
961207
799384
625930
251532
96820
823627
624251
420445
454189
704934
1046271
381557
781044
57383
50936
192993
632405
34555
552224
446447
143413
79556
776891
719484
813344
219478
250420
1039054
486743
871326
187594
30639
281190
483910
904479
722022
645227
1023324
787936
16138
545969
752369
697765
916764
234813
585513
93686
910093
577622
738951
441334
294947
316351
706717
230457
777981
670242
374461
133000
223846
688082
950198
703436
614538
783382
333714
1027512
883651
66718
573648
883120
722161
931962
1007569
911442
711000
110031
313964
189674
551138
1029270
936752
861330
676546
551545
730898
251431
950011
293664
644977
273512
25279
213926
565526
472344
739982
645040
381059
203996
780647
916672
278713
520700
712771
800738
6845
157102
1014514
630194
25081
1010168
72038
815180
898037
442525
273034
84295
102057
275390
579775
991183
750448
173174
892788
860152
886313
157157
656404
958809
21870
690341
287033
398227
230493
380715
419001
1018974
160311
331176
682235
1034657
810173
358512
817632
99894
629789
931962
223964
730852
145996
516500
882717
397182
941247
324181
133917
388027
308000
146928
208415
915779
8343
95794
374866
723324
818434
636747
26996
522131
804809
551680
267331
858682
714378
909061
27698
66992
519317
514075
150466
752736
1028760
152363
29189
629785
167206
468938
267305
757872
362670
456521
963552
323298
1046341
681617
751254
598485
1001190
743206
292686
392566
774448
438005
12933
818503
614254
545597
78821
614454
1035632
683967
830513
59669
80211
43338
969845
25825
798118
286363
332359
42735
117554
779150
635165
737955
775017
641199
275598
457772
788705
634815
447292
878183
758389
814926
120031
864221
60921
712905
931822
423102
832100
537108
879496
501477
713878
969724
534148
410454
675831
833750
250922
381658
681581
480907
375975
386952
548251
918386
211183
792620
217148
231199
584974
174258
858772
986877
574082
105791
861038
889185
266799
528345
845229
419349
606514
18485
540963
267856
770524
372253
788117
424412
456070
676664
570636
174100
947251
203397
783018
1021306
793671
136895
505556
797522
707299
213427
322752
520014
23072
813003
1031459
394115
754314
862818
920289
579030
941020
175316
895371
364097
875914
829129
41732
444821
104074
502559
725700
968605
943413
294691
62706
283593
442083
434388
805312
168513
183135
317375
841850
107023
299569
668585
492375
843815
349662
670888
626703
106073
597863
7167
529996
2258
7586
541548
197368
1003474
205803
138572
622493
908907
908864
691461
643046
477391
297814
497622
369177
209655
978621
751890
753627
116892
454985
465047
849279
1022182
533927
284445
431127
982040
262688
824278
823393
561687
620566
981016
484970
182103
129119
435751
927426
296298
555483
910140
1016114
64113
585377
529944
788306
810097
854230
486279
259928
327645
1041158
260225
862013
784406
300928
902949
594793
342227
578644
316018
691450
937589
509650
937924
559208
337346
809818
458597
777416
639222
225561
1027819
71226
736200
179483
105791
540210
260122
69964
389924
333984
70501
472518
295451
897891
735854
40812
639893
1023115
58941
519945
878906
721677
417478
190320
145096
264914
85050
69935
157078
947925
651397
881840
716786
29827
697763
816606
929116
722842
19690
971754
832340
825727
27509
598372
205185
304232
686102
223847
227117
908401
46107
1007814
363530
1029846
346054
375751
843460
388257
299211
1021353
171486
576200
439495
678480
673296
710588
135030
209305
626797
607912
932429
324356
1006815
694231
242843
840564
439816
345928
405363
30843
866271
501113
690385
4870
94786
829168
571193
23471
444112
927621
439697
849454
1038897
347496
1036272
768414
924201
620138
332472
880259
607406
454181
184575
981274
136047
349358
889162
20786
1021911
703309
1029212
676427
373458
647446
82496
166440
67942
889728
504764
170267
33222
106630
68541
224860
778017
242354
416570
875099
824843
447827
170128
1024443
546188
952789
725403
821953
614341
210380
548487
240047
915378
924660
822462
420217
816706
909311
18773
1037071
292781
552967
515282
791448
1002300
552563
471729
786906
44212
195496
884656
849943
87338
862156
27300
618775
454059
603743
134437
557443
84744
959657
986938
1029460
698621
245693
259779
85331
1038725
555910
392101
948065
141807
256480
770498
723116
166497
506627
158718
444198
928486
609750
6432
125422
136687
81244
243568
118956
61633
864819
734642
219605
802003
802433
454428
352505
434724
494623
873271
174206
1010760
315908
861183
332003
688042
558472
978074
376021
674465
773354
317375
442805
499685
262641
771926
930074
384320
1033928
386354
122376
829892
69690
815122
267975
354538
501740
530906
149549
453347
191431
983929
873169
888072
100819
58284
819196
999952
571175
663020
1031301
90485
799258
881925
421888
403542
111253
354704
832853
428392
1022534
1017126
197169
169777
287771
464925
849702
807965
683379
130551
115208
253736
664866
494589
228165
456255
46616
174071
22576
103510
848396
142024
270505
48036
479968
298204
214194
35464
357686
910259
178998
527954
745086
513885
371171
258419
963572
286664
462583
307126
558819
924789
154870
63607
945767
331812
49000
759627
920955
541333
754138
167017
186300
986218
641679
168913
222430
1030530
74002
807612
981507
737975
501434
236540
108648
848476
215055
635945
538910
482904
1015737
342282
381988
932287
193403
26881
620024
800945
97956
13314
977035
40591
754763
302749
713349
131466
540701
371903
847033
99312
718857
862743
56151
457148
548112
437618
870661
404099
911293
922362
38275
407588
485646
49114
887916
545124
133704
310451
162436
281636
793943
912676
447104
647616
65874
195769
121386
528340
644828
994522
280606
338719
1053
114603
877608
228926
734875
683872
650064
755265
820389
953061
799792
765906
425185
596065
1007541
842220
86865
1036739
956873
749049
502632
1007052
568148
723755
33997
875479
522425
945040
852703
977882
205072
35126
129343
809111
861723
419391
762240
1014581
538340
959023
419403
223810
245936
806886
977569
202484
524708
306681
597017
379611
489234
679859
351843
767858
150588
280468
596531
703998
128487
1001430
959181
150882
457055
730495
677866
381039
190143
611910
360975
962563
485332
207535
889587
212369
534740
99872
293011
655153
947270
666885
244909
694873
127439
257562
709290
28386
196226
607274
738168
18975
773899
737720
221059
197298
971777
705669
457133
810782
369486
232642
197880
279541
955735
186407
601592
630319
78681
918767
306430
786500
951500
810144
495597
95808
754542
320935
748196
368007
49392
454089
892352
558731
446196
709013
297105
358315
863290
527604
248565
938181
932933
57199
82324
289386
956634
79495
1008874
623653
538265
546975
904441
147343
186121
647261
494636
871396
654484
363295
627128
434924
190846
724150
363900
810376
728381
430355
423946
477808
671691
309719
164137
104064
520300
767342
872522
332376
586711
280860
345350
163801
863496
513148
882478
371206
368405
499410
209322
669863
297940
287183
562490
75609
530279
414479
640679
262216
538697
763525
550802
443971
694185
813004
509056
61501
890091
807771
86527
151538
460214
339335
451369
89429
576326
61406
987232
2910
391072
235351
331760
17904
737840
525425
936099
629098
366602
477158
1040382
321255
1011172
918209
757497
688938
911908
928683
406473
881849
406654
923179
237707
244307
906381
628916
787374
110076
327774
881036
267876
131884
678086
328434
701456
186940
1025778
657056
220624
876178
747996
792880
339373
682012
196882
25062
158891
567832
85449
759341
161553
800635
882919
508816
549400
149972
34677
90446
638564
910462
542045
558897
643350
471880
701876
219439
808592
970970
728169
720313
1038837
317398
160514
12119
673448
1032112
90439
585571
221943
918014
377665
961708
410214
1033098
258444
207890
677401
57505
159817
617642
332680
106646
1021102
130463
126417
277311
977564
650594
352984
1018801
912298
103222
581845
799248
133776
694659
48900
235052
418348
902438
1007749
274144
948822
498413
970803
319113
207533
234130
798902
1011184
330162
134552
625063
216640
1045382
969456
969075
884757
22169
304959
174349
769117
34374
110200
766196
528657
274445
508108
901508
321450
920425
174005
87232
751753
901296
509352
209016
293737
704585
149647
164354
703412
969021
917452
318476
843136
739338
279415
522125
312670
524129
70860
621495
195771
437960
907130
728544
229944
429509
487270
892446
522888
624323
900496
227875
476526
652705
260069
276211
357843
421750
968360
641213
502354
691065
392138
434573
769812
972723
681065
739638
569862
166124
633997
11863
775337
152126
439043
987587
703726
900244
179317
189145
517891
834181
412873
600405
943662
971233
955293
31696
254247
335282
219872
519532
744047
322722
62517
398147
587791
299068
682709
500042
652754
22764
890688
1041291
511847
824100
988056
45174
399501
966446
293280
392657
922163
554783
480615
557369
496492
876428
266490
375280
110888
508007
879552
211576
606895
266204
697248
341836
209063
851496
797020
524496
144569
118808
975748
441008
857862
909917
946611
12738
691689
405199
316108
192371
423035
1004915
1019478
217492
944515
736213
926123
389306
862285
536386
1040727
752932
903222
161833
1047523
1007797
648805
797873
358440
607686
645854
763384
842576
776339
296015
113276
436423
389511
272951
307268
892753
549964
993644
784756
637476
470899
136195
681843
556451
261247
551855
677875
166999
327644
43325
618888
789757
682610
197062
236158
430612
95807
211148
491500
129117
913939
45325
111468
130317
323923
46791
895629
933008
836924
1002563
500404
629097
120005
671620
745606
55991
13600
380796
783433
561175
920340
1026428
261675
958421
635826
662150
1008581
636269
29406
443836
582649
638365
805436
797833
375305
322969
429658
288127
926096
590808
952398
604272
288052
945873
144899
549467
40884
596473
67717
428033
172293
216733
983686
1005121
1003128
75851
713407
787619
123279
177452
555794
434005
218093
161353
594705
52038
624384
364854
536870
872539
867146
264105
388327
641572
602665
445556
203441
164715
31552
491133
942270
204163
837395
273997
221546
868311
262279
699649
804893
71737
614671
549733
435983
1039301
514528
204708
444214
97652
657717
699573
27363
373157
709481
351836
53402
21901
913113
486619
509821
555569
819508
139136
72864
31007
964014
81706
1032437
827211
605795
610600
975554
948709
309017
389142
230236
527001
140029
969840
279004
966267
47910
163465
720834
607180
436682
255607
576085
196515
458063
644844
310720
696
827454
747676
734296
660661
222267
149240
456150
627267
667853
138492
51437
123206
449562
344017
719008
329853
88892
1028591
758378
1000316
486743
365320
315916
221100
583903
126544
336873
968651
145664
550168
743203
188021
690425
563598
484719
915027
972951
950671
626256
340497
129606
973393
493935
107796
644225
75227
581185
1000267
701289
789744
796859
1040800
733254
861770
170211
860660
832556
140451
945966
497671
895489
760699
657818
856507
298789
995335
488040
434586
840081
770248
243440
751334
163220
439852
159879
956256
525200
1048458
864764
975247
510638
850160
986310
41469
597892
382107
650048
895259
379858
594400
127707
241555
179785
147501
423371
394498
680218
350108
82301
436732
309704
478576
284718
456725
357089
595866
380423
577747
629064
488997
37467
425718
69060
236958
567449
181717
141387
652596
650236
281366
664015
517695
630304
603301
1015816
309011
277428
356991
690069
636960
326164
799343
745025
956334
73154
296468
934481
929639
762387
578526
814993
746180
191669
465192
189616
698627
513692
92390
961003
831038
292336
177726
212762
313963
570180
454061
342925
744493
416961
801086
994970
220775
1025790
226206
791103
44491
866910
761656
718240
765475
833934
759498
686653
35098
201727
1005528
353548
702780
803943
835096
757845
49427
760920
1038067
845262
446630
601876
878219
434418
493419
615414
92389
648913
219768
941996
875853
644101
665774
793990
291455
370011
126321
776950
807416
796650
714922
496665
917625
605100
630187
547090
137366
19918
551362
959155
766427
809969
60739
642726
995783
672700
488856
455295
524826
923181
1028370
997180
1003246
67761
202469
545222
101995
145763
554512
1030629
768165
1016065
232892
909713
786599
660315
400956
21009
599347
212584
335469
179730
963574
607019
481567
66327
325349
951882
735767
919545
377232
881742
109559
585209
118188
435400
304061
527699
1026879
308146
106005
569022
775642
663752
64613
389965
739770
138922
413641
1021050
947837
934548
308729
21106
525722
932991
891257
658608
568083
255680
317110
367214
95463
522829
20584
767712
165372
391530
858152
14845
740464
740361
83896
929621
308585
881307
812871
835863
457804
346115
354738
877710
904674
797613
861428
303752
668227
575565
289017
835832
640555
65416
715645
932232
855710
809897
517619
741640
512213
600667
178310
293437
113837
857442
996598
581072
778538
229598
702514
957398
61596
549734
258078
46234
769049
155946
498761
376827
593246
540247
278032
613474
129031
831271
486861
1043706
214395
265544
619940
407719
555174
295739
547885
436499
161166
803157
724991
914862
481105
300688
59889
345956
119034
1034590
355399
265931
626455
902845
853028
767184
893140
839348
287084
42953
635481
123162
532472
183253
797542
428866
121352
467531
473490
104204
589408
941039
269709
676983
545630
289500
736185
314871
983704
1011449
718663
746469
889139
759140
949733
675208
256909
477497
524969
455398
355879
96896
225142
816193
972879
264549
753014
434759
368785
107512
156266
766044
944065
853564
315599
577090
377002
641448
1028483
346518
158924
384277
561170
26536
458645
667362
165992
1018192
609844
187409
1008654
612770
609332
258983
489399
72902
929689
326818
472382
21681
858739
683612
460937
656069
585369
901964
1018143
475703
972718
187149
756367
115797
572048
483356
