2000

264
2122
3362
3226
3869
2177
1309
3346
277
3851
3422
2772
824
2331
3962
2325
3017
195
4016
628
1389
1826
3652
2912
272
2840
3144
718
2542
3433
1894
2008
746
2415
3692
1400
2237
2077
453
3916
1524
1307
2812
3176
206
620
3396
985
2681
2222
3364
1795
3248
1894
594
1674
3544
2125
377
1697
3775
2552
3158
1588
504
2375
3676
644
3821
3976
1069
2130
4075
2404
1630
2424
3878
926
1750
3346
3756
3508
1871
1098
848
3341
604
2813
3716
2830
1380
516
2891
1437
1282
1519
4076
3143
3845
2278
2234
2591
3202
2393
963
2152
699
1037
1072
1449
4062
273
2024
1470
0
2658
534
2724
2128
3577
652
2499
3979
2655
2949
2434
2609
2684
3082
2320
1963
121
404
794
2851
1650
3382
3276
2061
1164
3224
724
331
3598
1526
2906
1246
857
3015
2393
918
527
670
3127
2551
2471
523
3115
1322
1762
2400
2713
1732
3073
640
2163
2070
969
3767
2932
2919
1077
1039
1627
3038
2073
1728
1649
3364
2218
555
1703
2795
1839
453
2757
3937
2423
127
1185
2034
669
3465
1509
86
1909
219
2292
756
1698
148
327
3094
2523
3004
3473
3555
1187
3206
1529
3254
2158
1010
4081
3431
2878
2104
1705
234
106
1373
4016
1351
2846
85
3085
3026
2314
1492
3814
2159
2635
515
975
2656
4080
3514
669
3086
809
2496
2301
3321
2341
3325
478
2946
3931
3272
3918
1394
291
2909
1327
2603
2004
1894
1045
2738
3608
3945
3879
752
3926
2135
3124
3783
305
1645
606
1721
1192
3629
595
1415
1658
1169
941
2396
3385
643
2588
567
2845
1375
802
307
2419
3200
1404
2931
284
135
2747
2673
1509
2727
3823
1394
4040
3916
21
1919
202
165
2405
3398
223
1053
1114
908
1462
2031
415
1569
1355
315
1562
2411
3370
300
235
1428
3356
3526
1889
1920
879
1257
3936
1411
1933
2903
2158
3160
1557
1064
12
878
2909
3778
1368
233
1751
2992
1764
2943
1725
1015
1323
2492
592
3657
716
2674
1690
4015
1976
324
490
1702
1422
1627
1979
3755
707
504
944
716
1217
1631
2248
3208
1656
849
2523
3456
1925
1960
3248
3861
1633
1113
2302
1272
2825
959
3502
413
3782
477
2948
1269
3619
758
901
687
1614
3235
581
3906
1126
3168
1475
3964
1720
2823
2743
2860
2638
1752
3250
1354
1778
457
2937
110
2634
516
702
4011
1413
1211
2019
890
477
1883
2824
160
3339
2184
3324
2348
3038
2599
724
114
2515
719
3448
1974
3174
2633
4067
2680
92
515
2933
3814
2691
1155
3162
869
3229
1813
3982
4031
2817
2804
3526
2645
593
1525
479
3306
3722
3087
3815
2448
2005
2356
1628
336
2954
3397
2000
210
3202
1248
3009
3966
2500
3467
2245
3957
735
3183
3746
1109
2756
1143
4059
1591
853
2243
884
2752
523
1402
131
2318
3974
2398
2259
2034
1410
3952
2257
1470
1540
2507
1829
50
2032
1345
1695
193
650
2390
2271
1136
2850
1209
1826
876
1924
2998
401
662
4003
2570
1930
1610
946
3151
2602
3446
557
28
1515
2946
3286
860
2705
3484
2874
3499
1474
3442
1072
3956
2596
2814
399
664
1500
985
3315
1105
2248
2599
2676
3571
4035
3238
1409
964
3108
656
409
1569
604
3538
2918
1209
2174
3018
2177
4059
3129
810
2909
2802
1382
507
1146
2694
2098
2141
2380
1366
1771
1199
2303
1957
101
3483
659
1672
2087
3921
719
2166
1509
1025
607
2669
1633
1883
114
1775
1984
2489
1959
3862
1314
3229
3115
2480
2398
29
683
4049
2301
1279
3915
3666
2465
3750
563
3956
3538
2366
2512
1740
193
800
1004
3366
59
3419
833
1351
183
3471
3979
1200
3568
1449
804
3874
2550
2151
2665
2873
2017
223
6
2124
3378
1949
425
3354
1655
2868
1281
3844
1304
101
1390
2075
1994
2011
490
3032
3319
3020
120
3057
1507
423
1119
2457
1106
469
2922
1039
1268
1811
2437
2543
376
1346
462
473
3523
2727
874
757
1092
716
3392
3586
2057
3000
3332
1898
3207
161
1225
2650
3719
3125
2419
1965
1614
1934
3257
2604
2316
2386
3235
1936
198
1234
2513
242
4090
1503
3746
2883
1650
2052
1145
3420
94
1720
3731
764
366
1090
1710
2434
1010
2168
2273
1607
1938
2220
2941
1584
3998
2168
3094
143
331
1399
1304
1398
3079
1883
3219
3459
3254
4074
1401
3873
883
2830
2900
214
966
3103
490
531
978
1317
775
3574
3374
3097
2595
3835
1350
3616
2154
2005
3674
2211
775
3499
3475
396
129
3732
3630
2519
76
403
3015
3337
2106
1538
3029
2002
3610
1658
3302
2955
3532
3755
3356
2958
2790
2136
2856
1048
3931
1257
78
1460
1251
2745
1048
547
961
329
1980
456
2339
319
1149
2286
2273
2242
182
2465
3252
2737
3927
1700
4076
3628
366
2535
3286
2966
2837
801
616
1498
1958
1949
480
1078
3676
2204
3068
420
3814
1184
1459
1357
4067
239
2163
2668
3782
3690
3246
1531
2155
2538
276
1114
1762
556
2189
3439
1128
2664
868
2388
2715
3679
1213
2916
2296
1157
3897
3988
2212
1776
2829
1374
4016
589
821
797
2344
2305
1317
2679
2619
3718
3611
3454
146
2683
3175
412
1114
3752
838
2823
3839
3877
2955
2654
1474
3709
1999
2438
606
2670
336
1908
3585
50
2382
330
2072
2944
3777
314
1579
3325
2503
3977
4093
3843
3437
4014
2415
2904
3753
3201
512
2922
3971
1835
1771
2016
1490
46
1657
3434
2660
2966
1911
1759
4064
2988
713
1915
2269
218
411
1958
2701
3904
2574
1674
2561
2891
3526
2450
3103
3400
3951
2738
3349
765
3987
1099
3694
2756
2277
1983
2278
3995
2294
3384
1565
420
3490
1056
142
527
1052
571
2205
295
3591
666
132
637
1027
1401
729
437
2216
85
3095
1211
4004
911
2418
3397
1610
348
3036
4031
3675
3061
1534
2686
3245
2052
2043
2009
3744
1094
3641
2345
1181
3094
2649
2448
194
1074
1777
729
423
2879
3773
473
310
944
73
245
3838
3955
2020
1291
3313
3741
3729
933
1959
3380
196
3556
1867
759
1229
2877
3839
2143
2898
3294
617
1633
2600
796
2834
4056
0
3769
1910
2253
3530
607
1978
819
826
1639
3046
3909
1217
329
3526
408
1088
1940
4037
1961
697
2398
815
3773
1188
1488
3913
3736
117
527
3142
745
1319
1415
2282
3074
914
3938
274
703
2658
557
766
1384
3883
2591
3323
1009
208
2238
1234
2633
392
1255
1950
2000
3552
1160
245
1421
108
1551
3636
3249
158
2414
1842
3199
3930
3823
1401
1926
265
3987
2638
2787
2245
2743
3067
2221
2489
880
1674
2817
1873
181
2061
122
315
2694
399
2254
797
2390
826
3142
1144
992
2616
3247
1634
1236
3407
139
3082
3714
1397
3894
1180
251
1041
1010
299
4054
2929
234
444
2540
1736
991
398
3198
871
1100
750
212
3843
3051
1767
2138
2202
1131
2034
690
849
997
205
3521
1548
3379
899
1854
3314
2771
1218
2470
1518
2203
3189
3032
2677
2212
3988
3753
303
1646
647
3301
3048
3887
2355
1414
1316
1938
1584
3131
4059
220
3055
1736
2251
3829
2422
3240
1477
2157
2355
1348
2358
3386
640
669
532
50
3988
1903
3250
3082
374
2768
2254
3046
1584
1247
2397
2572
3752
3641
2843
1514
575
3756
2914
3654
1484
3583
3708
296
2804
3847
77
3378
32
320
3203
2971
2429
3846
1659
1492
2546
1735
4074
2820
122
3769
2817
3955
1495
1297
1108
2546
2527
948
1140
1289
461
157
3945
3055
1566
489
2986
3452
2842
625
1905
1313
3152
2825
2353
592
2936
1079
976
2132
863
448
1792
3170
1799
217
3672
4007
3058
3193
1544
3346
1497
3778
2407
3726
3218
3128
1965
1363
3387
231
3018
2330
2627
3762
1471
2685
1162
13
693
3119
1041
308
342
1293
556
2389
2403
910
310
1044
3923
1709
680
3805
1550
6
3503
3821
494
2891
2107
3739
832
1179
2098
2995
1966
1527
187
3573
1562
2753
4
2277
1557
389
461
1753
117
3727
1983
1648
4065
254
3095
3423
2087
2189
3161
749
3426
3026
294
300
2079
1768
1703
3993
1926
3643
2025
3402
1457
969
890
389
3374
2135
1622
689
1717
988
3445
1717
2607
735
2745
1200
2214
1542
3379
3724
338
3914
1227
446
331
2354
555
2450
1867
1347
2173
1964
251
2991
1363
658
2916
2004
2964
726
1217
1622
916
3855
4010
1268
418
2460
3969
669
3299
495
1039
2034
3162
2276
1468
2538
326
722
801
741
794
1057
627
3053
3076
2033
1320
294
519
1791
2445
2530
4005
1212
29
137
1473
457
3536
590
2597
4055
2639
3260
2553
3418
2721
3118
832
2368
2208
1267
647
606
3739
1040
3427
3872
3570
1645
4068
513
1237
757
2531
2596
617
1367
125
2536
2157
2042
329
3255
2241
2677
2748
3602
833
320
3254
1715
3050
28
960
2754
2197
1552
2489
373
3097
2551
3417
70
3903
1373
2855
440
2781
3815
4010
3048
2349
1747
654
3040
1206
3020
3302
1418
635
2026
3511
2029
1697
2125
263
812
1979
1394
724
4020
2659
585
3619
1604
415
1510
2440
104
1342
1199
1549
2189
127
2847
3634
1659
1778
1616
1549
170
2209
2998
1542
3039
3708
123
370
3378
884
348
1892
1760
2206
1420
1887
663
3227
726
2821
263
3228
542
1515
2907
3521
2527
3452
1701
1546
2968
1571
1913
3392
157
3200
11
793
3660
697
3509
697
3567
2468
3448
612
1956
276
211
3538
3549
440
818
1904
2419
3348
31
2657
383
3680
311
1964
3943
3041
2443
2217
2294
2843
264
3718
3393
172
2320
3088
1372
411
2178
729
3980
3898
2683
215
1320
321
3024
126
2388
3307
3128
2859
1343
892
58
1680
951
1433
3198
1797
3381
3601
580
1257
2427
637
3576
1371
3178
3071
3746
1405
2049
3625
969
3865
4079
1715
565
1230
3760
1601
164
2917
4013
653
3658
1896
444
968
1314
3959
604
2582
1645
2078
510
1260
2424
2317
243
3594
2045
563
3162
2469
2492
962
1046
1057
165
3222
1197
121
3455
790
3958
243
1590
1157
2654
3322
2604
3455
925
967
3652
192
305
3382
3807
730
1874
1335
664
1054
2509
145
448
2778
2015
1872
2678
351
3502
2661
2908
1415
2378
3810
2691
1634
325
3095
1448
1859
303
3352
2421
498
2159
174
1263
3535
1390
1557
3322
3863
2012
3967
3592
397
3328
3990
761
689
1457
2679
3060
304
236
3231
2458
1976
330
940
3749
3578
2558
989
3861
1204
1489
2146
469
3318
2924
432
344
2127
1208
1149
2091
448
1126
2232
339
1067
995
2041
1879
667
2458
3920
191
3933
448
3349
3937
1686
457
490
1918
831
780
1396
2205
62
93
1698
4029
932
1318
3314
3915
1602
2772
1523
310
168
689
1759
261
3850
1029
1969
3854
150
3489
2488
746
3126
832
1357
1215
920
3167
23
3882
3133
2719
444
205
1406
1915
404
2804
269
739
2036
823
3889
3294
2043
3789
1206
2245
1750
2483
1657
650
1207
2832
1473
2556
667
628
675
2119
3825
557
1332
714
3571
1973
2086
312
3541
619
1966
1500
2800
3159
48
2549
1164
3549
1033
423
3306
3853
2236
3770
3982
599
1680
3325
851
3677
2752
649
984
479
3445
905
2658
3969
300
1089
1018
3029
4044
2576
3932
1638
2466
1453
3443
2566
1735
769
2760
3516
1222
3451
3261
1789
3739
2372
1286
103
3945
