2000

15845
16518
42222
2516
14414
9731
62874
41074
30581
40270
58827
28967
41085
28419
34320
43687
42376
30671
59362
5498
24005
359
27150
33195
60448
36925
17691
32335
15826
41151
59783
56201
24681
27108
28484
57360
47784
10769
5371
42993
47602
2918
1710
58085
49118
59206
23268
1494
63719
26858
29193
3737
43986
56911
45565
46430
57532
51400
55848
49517
33429
58612
62719
32282
36359
59682
25800
37056
57016
17589
41561
14226
20656
23295
51319
25238
47295
21978
29199
24715
21272
61068
12065
62552
18497
15176
57239
37908
36091
7842
23960
48292
8882
22953
14350
56940
35599
62853
27107
32257
1031
20150
4115
44709
59564
53139
1272
39031
33170
30528
35456
64194
11911
5483
2542
4008
46712
21266
17374
48400
59334
1145
16617
9067
61324
36015
9242
63953
2914
64451
40146
41211
927
55624
26124
28863
21974
1719
40833
4098
9679
50130
2195
1567
5260
48762
27325
37854
23923
37845
4031
65012
62494
47436
29353
32953
9449
63501
40490
19780
17013
44627
61844
13240
43428
27715
47283
23362
65118
35035
4889
4027
8999
15241
40618
32292
48720
24043
63877
17516
20079
63275
60051
32943
5987
33940
12562
17184
63874
60846
57137
62445
41381
50044
31494
1435
41503
55861
64894
35799
56576
50040
54720
16355
53348
45732
39504
22430
43773
12264
37910
64135
56885
42271
27267
9066
62330
30178
51193
41779
25643
54769
26800
46547
52695
41205
19330
40205
9460
46266
63496
33824
54656
21106
42693
39436
62827
42540
9517
23069
44948
53650
6849
59958
40855
61487
9510
15778
30222
19718
14002
13024
6294
64819
60951
2066
47059
23279
6376
1239
53004
53495
25561
13227
50841
455
44223
2233
39866
21938
20548
61731
8585
25624
17748
34501
17111
51608
14918
47344
4004
64709
11215
802
29582
23016
18456
48508
33229
12461
28945
3624
12543
65216
54336
16737
3444
37517
50816
35291
62918
7973
4228
43290
18186
13910
43885
17811
37716
61591
31768
39541
16863
5352
23232
18979
7897
59002
8086
21374
2359
48447
51006
60391
15832
44268
30432
10903
51842
56639
33548
14580
4028
43728
55695
14806
46560
15988
21206
16569
26992
25057
61786
38617
3005
20885
31805
44221
43428
52605
25339
5274
16621
50527
23965
9287
38815
55198
26195
679
8883
27754
12376
40809
59202
59036
15246
41195
59756
58931
28555
55011
34950
49304
26435
37413
55516
33721
43341
58994
57694
32209
4053
58412
7928
29859
55456
5820
42891
63259
61991
28505
1491
44255
5855
13717
10914
49241
41167
1828
48966
11702
41821
48568
51473
8188
32078
55894
50732
18659
5620
39717
33982
31481
39521
61378
43237
20562
64563
19364
42573
22119
33910
28704
58814
10861
15359
59856
59007
20069
16836
9375
20604
20252
32068
48026
54116
4292
5731
32315
49532
25184
35007
42193
23038
43495
17863
8133
23504
39395
61084
53138
64807
38889
22788
19526
65506
25396
44698
12087
26877
19493
49304
56819
22481
32123
63491
13691
53066
48417
59812
6342
39802
17534
52168
350
64716
3248
20792
17993
1933
42685
61761
38203
28328
35385
9163
8497
4056
1610
3453
28544
57855
57186
45898
23313
44999
16531
22193
6052
65262
36995
55929
44424
50471
34718
41118
51017
37895
37116
44330
62428
7946
13089
55230
32353
42730
64013
18893
62902
48348
21013
48685
16815
55849
7394
32245
31829
14988
55756
44061
49799
8195
26032
23146
733
53467
6747
32700
49679
41295
58191
32280
24601
11422
24152
738
25840
22507
17544
43430
43448
18742
55632
16020
51209
27402
36687
25931
13982
12164
55186
37346
3759
61646
52141
7351
29696
1856
13139
27684
29567
7535
53185
16744
30976
54968
50400
43171
46722
56683
61436
7505
46988
13855
18493
59496
34703
27810
30809
62264
48813
33640
31536
34711
26047
64481
18523
12257
56447
6675
54398
46526
10360
23129
26281
25887
28448
8811
57507
37535
55043
33943
8638
35099
26591
40573
14755
59847
53462
36001
61276
1611
6547
5269
54478
20071
59305
17289
29435
3075
10068
36059
25843
27203
30535
60222
33222
34687
11188
2158
376
48611
8377
38304
58897
10759
62946
52548
44076
2816
5343
52240
5289
46846
63714
31333
45357
22042
41839
62504
27894
30588
27225
32028
40303
4588
15072
9322
61766
33176
49282
18381
17118
47787
53975
33471
32641
5564
20370
33538
33198
32357
56142
58433
41215
7103
38644
11638
22336
23654
64394
52367
43341
47407
51680
33982
50989
39053
56850
29530
5998
37440
6888
21339
36820
50236
16309
57229
40391
62031
17049
44372
50131
61037
64717
36776
24374
52814
38415
33336
36700
27677
35485
13332
30503
36465
7817
40991
57384
23893
1611
32335
12704
43255
12489
60998
46860
23868
28737
57122
8963
19389
51398
1540
46680
9225
27043
37020
63664
30423
21324
40732
15785
26545
17649
40280
28169
57846
16965
18943
29863
50355
44940
25828
31883
56021
54508
56627
39804
64600
57520
19651
16345
10266
64934
18722
48158
62814
55291
49443
34177
59307
7891
403
60048
49545
2508
46935
17281
58065
12064
48680
20263
15626
22373
43953
27192
24572
54985
27288
37975
22483
573
2702
32251
27500
43789
40483
26580
141
39554
15830
60893
14708
4964
51664
59972
35443
12385
33141
15068
26917
65116
62151
9680
16426
43842
8189
5775
46327
60357
30591
45986
59460
65187
58955
6534
43012
25510
31621
37254
34736
7123
32078
1234
48682
33655
63961
48101
32231
12715
634
43705
47606
7234
18310
55874
49160
44424
53420
30752
11912
20671
35814
63929
19844
777
35027
46429
62780
17496
56356
18301
35269
163
32730
10394
25001
30736
34267
30656
38633
981
41169
21494
6016
41988
11388
11201
53159
12964
34658
53935
2091
60145
36109
8739
1915
13246
60948
64388
23037
62692
28340
53103
56932
44359
35539
32975
18254
4657
30751
45988
13766
24125
51141
53294
59807
23909
51852
20924
2941
15740
26946
25382
9232
40286
53108
27108
30973
35133
17767
42377
49221
27606
9136
52534
1117
61087
61386
5313
31967
14344
30192
52714
39258
50057
60611
19295
12062
19656
27671
43807
36557
40064
43992
890
15027
63088
54126
58966
52975
31209
21703
53305
52487
11179
5975
46384
12147
7857
249
34469
60971
41621
54696
7394
56423
11968
37481
45650
51659
46737
53901
36804
55235
37009
51774
11674
64727
48292
56301
28287
17883
55365
34282
44806
10287
15550
17426
64918
46018
9294
10264
60014
5514
6887
5469
45061
6217
11019
38064
25481
29864
39120
38273
49516
40706
28745
61241
57713
56357
40445
55129
23172
24352
15275
33262
25025
26779
59074
8826
59801
15128
38334
38870
17649
25647
17894
7328
6414
59536
20141
51324
16355
5358
5255
31213
18912
57449
11404
36947
25647
15226
2867
46072
50335
4527
37969
21433
39802
730
19683
2772
9030
40340
13840
3244
44112
57150
60510
30462
54508
8092
39343
12098
60070
28191
5702
30253
38760
5982
1302
16832
29556
43913
27421
51539
40635
52120
63730
28878
37542
5514
37407
39663
49200
41948
6159
14343
42809
57349
16919
62692
49210
44684
4041
55809
3348
61349
23333
34862
33340
4766
49282
46894
47169
13872
61719
27172
5451
35314
11574
3731
55384
5865
44234
54813
49354
49607
2566
47796
54277
1051
52856
45392
10746
56366
44809
48909
54078
22340
20526
12481
47948
1307
34833
47119
16515
52551
57989
49093
52320
39706
55555
2588
38066
41375
61989
45752
50049
7098
11663
28651
3602
32288
20700
5534
4946
64909
23302
13446
39354
20744
60427
19170
20931
14776
45094
22144
55987
2053
3700
26910
41237
59068
61653
64583
26951
7213
27506
57882
32888
43813
56010
27628
59721
58960
12337
9378
17175
46274
6460
41467
7164
6618
34546
45177
41610
14870
1434
1904
34057
4191
26523
53
60045
65127
22509
23416
19556
54772
28502
49709
35896
34814
14381
46316
58590
10787
19931
62923
21396
56862
25191
7557
4436
41648
24012
49236
40401
56253
27494
31787
57734
48593
16090
65319
11144
30518
16534
48055
26827
17390
22901
16605
50925
19808
65488
48578
24431
53494
61013
43327
19608
47339
12933
9637
37139
2769
53245
38652
15402
10066
61390
64589
34259
34446
52624
30741
61394
4816
14316
44825
15999
10303
30662
13877
60128
34269
51880
38821
48077
56874
18696
64183
28305
37892
57783
14472
64852
44765
33935
3948
14279
19242
21794
56852
51227
25894
50998
13123
55220
4716
14990
12781
60000
46028
63379
24688
37920
15770
7579
17092
33291
37274
25496
4996
12011
27583
32783
16846
35703
35143
37302
54470
60020
34456
60126
5143
37797
114
56114
51626
1244
13818
15470
36621
63137
58068
51260
38374
29807
46605
9993
18843
25905
19135
24826
50673
57997
39842
2410
45722
14757
8743
29967
4325
19047
5716
24514
50034
23198
47621
24746
36186
56455
41591
16301
2413
42185
52820
5470
38546
15420
13653
56145
6007
48848
57172
39198
58726
25497
28451
54545
31572
36385
16931
62989
15161
48431
64942
38067
54724
20560
10386
60215
26040
19427
16623
57817
2532
84
54417
12757
19063
193
29958
29170
61115
61777
1148
35168
14151
33886
57916
54530
62390
5885
818
3888
13639
62659
8387
20695
26041
20100
42857
10607
62510
43517
36676
1808
40798
37275
27954
36706
57724
30391
61214
35996
44984
45674
32282
42396
43901
6394
16113
10642
21898
60199
5038
9105
7567
10440
43141
30960
37920
28453
55543
33147
7343
4518
6936
13923
15045
59880
50853
44212
14046
60069
55309
13295
61126
36647
52383
10065
17578
62891
62301
493
49365
21215
12173
41467
14513
30212
13714
23226
17768
731
24465
23090
9686
34117
30804
24817
57197
2109
64812
2650
55869
10761
33507
30651
53909
19057
52534
2477
1684
14050
10332
19489
56928
11782
16582
2927
19066
62879
52424
24407
34442
26223
26086
52111
27398
35150
16603
34157
10501
19279
6322
6845
20837
7353
36847
49220
40784
23881
58328
63544
20744
44592
40858
61931
56130
10949
55118
47546
11236
24780
48435
28140
15521
51974
28141
52954
52288
51728
11973
22770
64536
55937
34482
25984
41777
779
12136
54188
34150
21369
50406
21085
3535
38415
15765
12278
5805
18977
33008
20194
3595
9169
48897
16796
33566
59604
27746
11154
48878
27559
5374
61797
6234
18184
2839
64193
62794
24884
17827
63220
63826
49347
27559
16491
8267
41371
52434
45417
33721
43939
6613
19862
10235
31511
47864
2051
21945
46643
38702
57467
26616
25270
60042
8182
1038
22634
21363
59611
63558
103
25067
9199
544
56164
41857
11598
19671
41042
41091
53363
37695
62028
65352
36957
56766
52051
64620
23675
10503
53518
40158
674
33169
11347
65026
61516
45454
47127
18360
2098
37657
57640
25274
20554
13907
13791
31839
7768
47269
61835
12200
14908
24842
46681
45197
53892
7963
10757
53240
52098
41357
38735
51974
4461
41739
49449
13857
8909
55867
2955
6491
36559
9209
2473
29014
39137
24495
28312
8244
34855
19664
16358
5082
17177
38522
12880
41601
31968
3265
52334
45346
39713
19931
57548
29314
32320
7463
9650
16901
14000
29965
13644
33328
59522
6330
28416
37050
61139
3272
537
16139
12775
45211
1904
13739
45283
14619
44248
163
31078
64318
53279
44745
63294
13291
47498
35233
48495
47195
42508
57741
44786
34577
433
60702
61904
1829
13778
31812
15979
23493
12979
36919
26777
49911
50680
45483
25477
48019
14394
64538
45125
5077
59202
44354
15199
40855
27608
23635
35368
14324
23397
62804
43958
23683
53059
59205
39934
39577
9976
805
34445
57467
50189
57570
59990
12132
22879
57529
28359
27692
24695
55172
34341
9605
57440
3420
53658
42543
60773
7612
7105
36936
18990
29386
28748
11829
10757
12440
42397
37271
6980
28611
40685
52753
14612
44633
48093
21970
42014
62596
32273
1364
21163
32622
42450
57580
30489
40643
50063
61756
25314
1568
38786
43996
21085
18103
7272
16322
32637
28407
37502
59869
2588
45218
5437
39003
28605
48697
53081
55672
43078
23076
51649
15898
37521
50913
42389
4918
7672
12811
7076
30388
52741
53287
13077
24414
38263
55342
9522
42923
56135
35919
723
44764
38274
28094
54461
10024
1232
51158
20629
47404
57147
26981
9043
38503
4088
22269
24473
18152
34849
62638
25753
41538
55240
27637
45377
32371
41265
9408
32896
9168
29115
30292
48077
16851
17288
45228
17695
16711
18083
55052
22383
32085
35055
29427
23851
15090
12061
28774
50964
25370
41702
65396
43243
38664
42213
39840
42839
16821
34033
36076
21001
18394
39396
10868
28578
4253
9745
8697
48817
63415
8739
1260
34667
24308
49704
28290
29466
41290
10789
42551
61398
32129
37659
10826
46164
13839
48923
54274
54601
27525
29935
13946
38202
49685
38009
8160
26196
31060
21399
14891
10981
19884
7111
64525
46033
